1011
1012
1013
1014
1015
1016
1017
1018
1019
1020
1021
1022
1023
1024
1025
1026
1027
1028
1058
1059
1060
1061
1062
1063
1064
1065
1066
1067
1068
1069
1070
1071
1072
1108
1109
1110
1111
1112
1113
1114
1115
1116
1117
1118
1119
1120
1121
1122
1123
1155
1156
1157
1158
1159
1160
1161
1162
1163
1164
1165
1166
1167
1168
1169
1170
1171
1172
1200
1201
1202
1203
1204
1205
1206
1207
1208
1209
340
341
342
343
344
376
424
425
426
427
428
429
430
431
432
433
434
435
436
458
459
460
461
462
463
464
465
466
467
468
469
470
471
472
502
503
504
505
506
507
508
509
510
555
556
557
558
559
810
811
812
813
814
815
816
817
818
819
820
844
845
846
847
848
849
850
851
852
853
854
855
856
857
858
859
860
861
862
863
864
891
892
893
894
895
896
897
898
899
900
901
902
903
904
905
924
925
926
927
928
929
930
931
932
933
934
935
936
937
938
939
940
970
971
972
973
974
975
976
977
978
979
980
981
982
983
984
985
